 n   lambda_n
 1   0.023095708966121033814
 2   0.092345735228046670386
 3   0.20763892055432480379
 4   0.36879047949224163859
 5   0.57554271446117745243
 6   0.82756601228237929743
 7   1.1244601175709594906
 8   1.4657556771470606327
 9   1.8509160483825341553
10   2.2793393631931577437
11   2.7503608382201960604
12   3.2632553206246198481
13   3.8172400578479459871
14   4.4114776786805985121
15   5.0450793720267934585
16   5.7171082488687926394
17   6.4265828721172029011
18   7.1724809382917229593
19   7.9537430943119003048
20   8.7692768720932151296
21   9.6179607231429189824
22   10.498648134934874697
23   11.410171810515100841
24   12.351347892551317017
25   13.3209802128915758
26   14.317864548639669271
27   15.340792865788583039
28   16.388557531577561196
29   17.459955476952619364
30   18.553792290813435623
lambda_1 closed form: 0.023095708966121033814
